[텍스트 프로토콜 파라미터]
RST=1
SPD=3
NEN=0
LNE=1
YSZ=2
EFF=090009000900
DLY=3
FIX=1
DEFALT_FONT=$f02
DEFAULT_COLOR=$c00

[기준 좌표]
CenterLatitude=37.209216
CenterLongitude=126.826447
